  0.6281314       1.035823       1.379693       1.683532       1.957855    
   2.208253       2.438206       2.650078       2.845569       3.025950    
   3.192206       3.345109       3.485279       3.613240       3.729410    
   3.834143       3.927729       4.010397       4.082365       4.143797    
   4.194828       4.235576       4.266110       4.286469       4.296676    
   4.296681       4.286482       4.266133       4.235616       4.194872    
   4.143847       4.082434       4.010474       3.927800       3.834208    
   3.729481       3.613327       3.485371       3.345195       3.192288    
   3.026045       2.845683       2.650187       2.438304       2.208340    
   1.957934       1.683603       1.379748       1.035866      0.6281499    
  0.3991776      0.6084257      0.7737495      0.9157343       1.041910    
   1.155929       1.259918       1.355252       1.442882       1.523500    
   1.597628       1.665674       1.727956       1.784738       1.836231    
   1.882610       1.924023       1.960582       1.992391       2.019533    
   2.042070       2.060061       2.073540       2.082533       2.087057    
   2.087056       2.082531       2.073538       2.060057       2.042064    
   2.019523       1.992382       1.960570       1.924008       1.882594    
   1.836215       1.784726       1.727948       1.665667       1.597621    
   1.523496       1.442883       1.355257       1.259921       1.155935    
   1.041915      0.9157410      0.7737585      0.6084331      0.3991820    
  0.3778866      0.5715379      0.7208838      0.8472614      0.9585225    
   1.058446       1.149186       1.232113       1.308158       1.377990    
   1.442109       1.500899       1.554660       1.603637       1.648025    
   1.687984       1.723649       1.755123       1.782500       1.805852    
   1.825239       1.840714       1.852308       1.860041       1.863929    
   1.863928       1.860039       1.852304       1.840712       1.825238    
   1.805850       1.782503       1.755129       1.723656       1.687992    
   1.648033       1.603649       1.554673       1.500909       1.442116    
   1.377998       1.308171       1.232127       1.149198       1.058456    
  0.9585307      0.8472690      0.7208871      0.5715442      0.3778890    
  0.3576134      0.5371855      0.6732570      0.7869924      0.8862512    
  0.9748343       1.054901       1.127812       1.194489       1.255584    
   1.311583       1.362851       1.409678       1.452296       1.490889    
   1.525607       1.556575       1.583887       1.607633       1.627881    
   1.644685       1.658095       1.668140       1.674839       1.678207    
   1.678209       1.674843       1.668145       1.658103       1.644692    
   1.627887       1.607641       1.583894       1.556577       1.525607    
   1.490889       1.452301       1.409683       1.362852       1.311580    
   1.255583       1.194491       1.127812       1.054899      0.9748333    
  0.8862522      0.7869946      0.6732612      0.5371910      0.3576145    
  0.3457853      0.5179178      0.6470541      0.7541472      0.8470306    
  0.9295260       1.003814       1.071265       1.132805       1.189087    
   1.240594       1.287691       1.330661       1.369732       1.405087    
   1.436870       1.465205       1.490185       1.511895       1.530401    
   1.545754       1.557999       1.567167       1.573279       1.576349    
   1.576349       1.573280       1.567167       1.557999       1.545751    
   1.530397       1.511895       1.490186       1.465202       1.436865    
   1.405079       1.369727       1.330655       1.287684       1.240587    
   1.189081       1.132806       1.071266       1.003814      0.9295269    
  0.8470307      0.7541491      0.6470563      0.5179197      0.3457856    
  0.3374992      0.5047020      0.6293215      0.7321167      0.8208684    
  0.8994005      0.9699049       1.033763       1.091908       1.144997    
   1.193515       1.237830       1.278222       1.314922       1.348108    
   1.377924       1.404490       1.427899       1.448236       1.465563    
   1.479934       1.491396       1.499974       1.505690       1.508557    
   1.508558       1.505690       1.499975       1.491397       1.479934    
   1.465559       1.448233       1.427896       1.404485       1.377917    
   1.348101       1.314920       1.278221       1.237826       1.193510    
   1.144994       1.091910       1.033767      0.9699087      0.8994040    
  0.8208700      0.7321175      0.6293220      0.5047055      0.3374995    
  0.3314314      0.4951878      0.6166870      0.7165334      0.8024525    
  0.8782606      0.9461553       1.007526       1.063310       1.114172    
   1.160598       1.202959       1.241539       1.276564       1.308214    
   1.336636       1.361949       1.384245       1.403607       1.420101    
   1.433777       1.444680       1.452837       1.458270       1.460992    
   1.460993       1.458274       1.452847       1.444695       1.433796    
   1.420120       1.403631       1.384269       1.361968       1.336654    
   1.308233       1.276585       1.241563       1.202985       1.160625    
   1.114202       1.063345       1.007560      0.9461862      0.8782873    
  0.8024741      0.7165530      0.6167032      0.4952005      0.3314365    
  0.3268141      0.4880477      0.6072831      0.7050041      0.7888833    
  0.8627288      0.9287378      0.9883044       1.042370       1.091602    
   1.136493       1.177414       1.214651       1.248436       1.278948    
   1.306333       1.330710       1.352174       1.370806       1.386671    
   1.399819       1.410296       1.418133       1.423349       1.425959    
   1.425961       1.423354       1.418140       1.410304       1.399823    
   1.386670       1.370807       1.352173       1.330706       1.306325    
   1.278937       1.248427       1.214642       1.177401       1.136479    
   1.091590       1.042363      0.9882979      0.9287319      0.8627220    
  0.7888753      0.7049959      0.6072763      0.4880469      0.3268135    
  0.3232225      0.4825679      0.6001201      0.6962709      0.7786483    
  0.8510499      0.9156711      0.9739073       1.026704       1.074734    
   1.118491       1.158348       1.194595       1.227460       1.257125    
   1.283739       1.307422       1.328266       1.346356       1.361754    
   1.374512       1.384677       1.392275       1.397329       1.399852    
   1.399853       1.397330       1.392279       1.384683       1.374522    
   1.361766       1.346374       1.328287       1.307443       1.283762    
   1.257150       1.227488       1.194624       1.158378       1.118518    
   1.074763       1.026737      0.9739397      0.9157011      0.8510766    
  0.7786704      0.6962896      0.6001368      0.4825811      0.3232293    
  0.3203602      0.4782491      0.5945047      0.6894516      0.7706811    
  0.8419784      0.9055362      0.9627517       1.014572       1.061672    
   1.104547       1.143574       1.179043       1.211189       1.240194    
   1.266202       1.289337       1.309691       1.327350       1.342376    
   1.354824       1.364738       1.372147       1.377072       1.379527    
   1.379526       1.377072       1.372148       1.364741       1.354826    
   1.342376       1.327350       1.309689       1.289331       1.266195    
   1.240186       1.211187       1.179042       1.143571       1.104540    
   1.061665       1.014571      0.9627498      0.9055333      0.8419734    
  0.7706731      0.6894420      0.5944943      0.4782415      0.3203557    
  0.3180557      0.4748109      0.5900589      0.6840773      0.7644238    
  0.8348745      0.8976172      0.9540511       1.005123       1.051509    
   1.093710       1.132100       1.166973       1.198563       1.227053    
   1.252590       1.275299       1.295273       1.312599       1.327338    
   1.339544       1.349263       1.356522       1.361344       1.363744    
   1.363743       1.361344       1.356522       1.349262       1.339542    
   1.327333       1.312594       1.295267       1.275288       1.252575    
   1.227035       1.198548       1.166958       1.132085       1.093694    
   1.051499       1.005120      0.9540505      0.8976179      0.8348747    
  0.7644223      0.6840759      0.5900575      0.4748125      0.3180547    
  0.3161782      0.4720410      0.5864956      0.6797861      0.7594423    
  0.8292317      0.8913392      0.9471620      0.9976494       1.043478    
   1.085148       1.123038       1.157441       1.188593       1.216679    
   1.241848       1.264224       1.283901       1.300963       1.315476    
   1.327491       1.337056       1.344197       1.348940       1.351298    
   1.351302       1.348951       1.344214       1.337079       1.327518    
   1.315504       1.300996       1.283935       1.264255       1.241876    
   1.216703       1.188618       1.157463       1.123055       1.085163    
   1.043495      0.9976724      0.9471861      0.8913620      0.8292518    
  0.7594594      0.6797995      0.5865049      0.4720483      0.3161808    
  0.3146371      0.4697954      0.5836228      0.6763381      0.7554509    
  0.8247204      0.8863276      0.9416697      0.9916956       1.037084    
   1.078336       1.115831       1.149865       1.180673       1.208441    
   1.233317       1.255425       1.274862       1.291713       1.306044    
   1.317905       1.327344       1.334389       1.339064       1.341384    
   1.341385       1.339068       1.334397       1.327355       1.317919    
   1.306062       1.291738       1.274890       1.255452       1.233343    
   1.208470       1.180708       1.149903       1.115869       1.078374    
   1.037125      0.9917418      0.9417139      0.8863701      0.8247584    
  0.7554842      0.6763660      0.5836434      0.4698118      0.3146450    
  0.3133537      0.4679398      0.5812533      0.6735004      0.7521703    
  0.8210160      0.8822165      0.9371687      0.9868215       1.031852    
   1.072763       1.109937       1.143667       1.174191       1.201696    
   1.226331       1.248221       1.267463       1.284140       1.298319    
   1.310052       1.319386       1.326347       1.330964       1.333251    
   1.333251       1.330962       1.326344       1.319380       1.310045    
   1.298310       1.284134       1.267457       1.248212       1.226321    
   1.201687       1.174186       1.143662       1.109931       1.072757    
   1.031849      0.9868250      0.9371758      0.8822247      0.8210234    
  0.7521759      0.6735045      0.5812561      0.4679433      0.3133548    
  0.3122955      0.4664300      0.5793366      0.6712139      0.7495345    
  0.8180472      0.8789272      0.9335700      0.9829257       1.027672    
   1.068313       1.105231       1.138720       1.169019       1.196314    
   1.220757       1.242473       1.261557       1.278095       1.292154    
   1.303785       1.313036       1.319936       1.324509       1.326771    
   1.326770       1.324507       1.319934       1.313034       1.303783    
   1.292150       1.278096       1.261557       1.242470       1.220752    
   1.196307       1.169014       1.138714       1.105224       1.068304    
   1.027665      0.9829241      0.9335696      0.8789287      0.8180471    
  0.7495353      0.6712148      0.5793376      0.4664329      0.3122974    
  0.3114226      0.4652016      0.5777858      0.6693720      0.7474191    
  0.8156704      0.8763006      0.9307050      0.9798313       1.024359    
   1.064792       1.101512       1.134817       1.164944       1.192080    
   1.216377       1.237960       1.256926       1.273359       1.287326    
   1.298882       1.308073       1.314925       1.319466       1.321710    
   1.321711       1.319470       1.314932       1.308082       1.298894    
   1.287340       1.273375       1.256943       1.237976       1.216392    
   1.192094       1.164960       1.134833       1.101525       1.064801    
   1.024370      0.9798467      0.9307212      0.8763164      0.8156846    
  0.7474298      0.6693811      0.5777925      0.4652072      0.3114236    
  0.3107031      0.4642047      0.5765351      0.6678914      0.7457231    
  0.8137704      0.8742052      0.9284215      0.9773679       1.021724    
   1.061993       1.098558       1.131715       1.161703       1.188709    
   1.212886       1.234359       1.253224       1.269567       1.283455    
   1.294942       1.304075       1.310883       1.315392       1.317617    
   1.317616       1.315389       1.310879       1.304068       1.294931    
   1.283440       1.269550       1.253203       1.234332       1.212856    
   1.188677       1.161671       1.131683       1.098525       1.061958    
   1.021693      0.9773453      0.9284011      0.8741871      0.8137543    
  0.7457104      0.6678809      0.5765268      0.4642007      0.3107010    
  0.3101032      0.4633816      0.5755050      0.6666748      0.7443317    
  0.8122124      0.8724893      0.9265537      0.9753550       1.019572    
   1.059708       1.096148       1.129187       1.159065       1.185969    
   1.210051       1.231437       1.250226       1.266500       1.280329    
   1.291766       1.300858       1.307633       1.312118       1.314331    
   1.314330       1.312116       1.307629       1.300851       1.291755    
   1.280316       1.266488       1.250210       1.231420       1.210032    
   1.185948       1.159047       1.129170       1.096130       1.059690    
   1.019557      0.9753472      0.9265482      0.8724863      0.8122100    
  0.7443293      0.6666722      0.5755023      0.4633812      0.3101006    
  0.3096108      0.4627167      0.5746776      0.6657013      0.7432217    
  0.8109729      0.8711253      0.9250710      0.9737594       1.017869    
   1.057904       1.094247       1.127196       1.156989       1.183813    
   1.207822       1.229143       1.247872       1.264096       1.277881    
   1.289282       1.298343       1.305096       1.309566       1.311768    
   1.311768       1.309567       1.305099       1.298348       1.289286    
   1.277886       1.264103       1.247878       1.229145       1.207820    
   1.183808       1.156983       1.127188       1.094238       1.057894    
   1.017861      0.9737560      0.9250697      0.8711249      0.8109719    
  0.7432203      0.6657000      0.5746771      0.4627172      0.3096102    
  0.3092101      0.4621858      0.5740214      0.6649331      0.7423488    
  0.8100013      0.8700601      0.9239163      0.9725190       1.016547    
   1.056504       1.092774       1.125654       1.155383       1.182149    
   1.206106       1.227378       1.246065       1.262250       1.276000    
   1.287371       1.296408       1.303142       1.307600       1.309795    
   1.309798       1.307607       1.303156       1.296426       1.287392    
   1.276024       1.262280       1.246099       1.227415       1.206144    
   1.182187       1.155424       1.125695       1.092813       1.056539    
   1.016581      0.9725568      0.9239534      0.8700950      0.8100321    
  0.7423750      0.6649548      0.5740375      0.4621983      0.3092179    
  0.3088813      0.4617518      0.5734842      0.6643030      0.7416311    
  0.8092009      0.8691805      0.9229609      0.9714916       1.015450    
   1.055341       1.091547       1.124365       1.154037       1.180749    
   1.204654       1.225878       1.244520       1.260664       1.274380    
   1.285721       1.294734       1.301447       1.305888       1.308072    
   1.308070       1.305883       1.301440       1.294725       1.285710    
   1.274367       1.260652       1.244506       1.225862       1.204636    
   1.180730       1.154022       1.124352       1.091532       1.055327    
   1.015441      0.9714900      0.9229625      0.8691831      0.8092033    
  0.7416324      0.6643041      0.5734848      0.4617527      0.3088809    
  0.3086448      0.4614592      0.5731340      0.6639034      0.7411868    
  0.8087148      0.8686562      0.9224004      0.9708971       1.014824    
   1.054684       1.090863       1.123657       1.153305       1.179996    
   1.203883       1.225090       1.243716       1.259849       1.273554    
   1.284885       1.293890       1.300598       1.305036       1.307219    
   1.307220       1.305039       1.300604       1.293899       1.284894    
   1.273564       1.259862       1.243729       1.225101       1.203892    
   1.180005       1.153316       1.123668       1.090873       1.054694    
   1.014836      0.9709151      0.9224198      0.8686750      0.8087316    
  0.7412003      0.6639143      0.5731415      0.4614655      0.3086471    
  0.3084746      0.4612597      0.5729027      0.6636456      0.7409059    
  0.8084132      0.8683348      0.9220617      0.9705414       1.014453    
   1.054299       1.090465       1.123246       1.152884       1.179565    
   1.203444       1.224645       1.243266       1.259394       1.273094    
   1.284422       1.293423       1.300128       1.304564       1.306744    
   1.306746       1.304568       1.300138       1.293435       1.284436    
   1.273110       1.259415       1.243290       1.224671       1.203471    
   1.179593       1.152915       1.123278       1.090494       1.054327    
   1.014481      0.9705743      0.9220945      0.8683664      0.8084410    
  0.7409297      0.6636654      0.5729185      0.4612704      0.3084802    
  0.3083508      0.4611214      0.5727479      0.6634786      0.7407289    
  0.8082279      0.8681431      0.9218639      0.9703396       1.014247    
   1.054089       1.090251       1.123028       1.152661       1.179338    
   1.203211       1.224405       1.243020       1.259141       1.272836    
   1.284159       1.293156       1.299859       1.304292       1.306470    
   1.306471       1.304293       1.299864       1.293164       1.284166    
   1.272843       1.259150       1.243029       1.224411       1.203214    
   1.179341       1.152667       1.123034       1.090254       1.054091    
   1.014250      0.9703485      0.9218749      0.8681530      0.8082356    
  0.7407347      0.6634835      0.5727507      0.4611257      0.3083520    
  0.3081946      0.4608559      0.5723699      0.6629879      0.7401256    
  0.8075121      0.8673146      0.9209227      0.9692861       1.013083    
   1.052818       1.088876       1.121554       1.151092       1.177679    
   1.201468       1.222587       1.241132       1.257191       1.270830    
   1.282106       1.291064       1.297736       1.302148       1.304314    
   1.304313       1.302143       1.297731       1.291059       1.282097    
   1.270819       1.257179       1.241119       1.222572       1.201451    
   1.177662       1.151077       1.121540       1.088861       1.052804    
   1.013071      0.9692814      0.9209204      0.8673140      0.8075129    
  0.7401275      0.6629901      0.5723711      0.4608581      0.3081950    
  0.3081869      0.4608417      0.5723494      0.6629615      0.7400926    
  0.8074722      0.8672687      0.9208716      0.9692305       1.013023    
   1.052754       1.088808       1.121482       1.151017       1.177601    
   1.201388       1.222503       1.241047       1.257105       1.270744    
   1.282019       1.290978       1.297651       1.302063       1.304232    
   1.304233       1.302066       1.297656       1.290985       1.282026    
   1.270751       1.257114       1.241055       1.222510       1.201393    
   1.177604       1.151022       1.121487       1.088810       1.052755    
   1.013026      0.9692385      0.9208806      0.8672763      0.8074784    
  0.7400962      0.6629635      0.5723498      0.4608417      0.3081849    
  0.3083534      0.4611285      0.5727600      0.6634964      0.7407534    
  0.8082594      0.8681818      0.9219096      0.9703916       1.014306    
   1.054154       1.090323       1.123107       1.152747       1.179430    
   1.203309       1.224510       1.243130       1.259256       1.272955    
   1.284281       1.293282       1.299986       1.304418       1.306597    
   1.306596       1.304417       1.299983       1.293280       1.284277    
   1.272948       1.259250       1.243123       1.224501       1.203297    
   1.179416       1.152736       1.123097       1.090312       1.054143    
   1.014297      0.9703904      0.9219111      0.8681846      0.8082623    
  0.7407557      0.6634992      0.5727614      0.4611299      0.3083536    
  0.3084598      0.4612355      0.5728705      0.6636063      0.7408602    
  0.8083618      0.8682786      0.9219997      0.9704739       1.014380    
   1.054220       1.090381       1.123157       1.152789       1.179463    
   1.203335       1.224529       1.243144       1.259266       1.272960    
   1.284283       1.293280       1.299984       1.304417       1.306597    
   1.306598       1.304420       1.299988       1.293287       1.284288    
   1.272962       1.259268       1.243145       1.224528       1.203331    
   1.179458       1.152785       1.123154       1.090376       1.054216    
   1.014377      0.9704774      0.9220050      0.8682851      0.8083683    
  0.7408645      0.6636087      0.5728709      0.4612377      0.3084613    
  0.3086322      0.4614410      0.5731127      0.6638805      0.7411634    
  0.8086916      0.8686333      0.9223778      0.9708746       1.014802    
   1.054662       1.090840       1.123634       1.153282       1.179972    
   1.203858       1.225064       1.243690       1.259822       1.273525    
   1.284857       1.293862       1.300571       1.305009       1.307191    
   1.307192       1.305011       1.300576       1.293870       1.284865    
   1.273534       1.259831       1.243700       1.225072       1.203862    
   1.179974       1.153287       1.123639       1.090844       1.054664    
   1.014806      0.9708850      0.9223900      0.8686450      0.8087022    
  0.7411721      0.6638883      0.5731179      0.4614438      0.3086320    
  0.3088658      0.4617314      0.5734616      0.6642805      0.7416103    
  0.8091818      0.8691640      0.9229465      0.9714793       1.015441    
   1.055334       1.091543       1.124365       1.154041       1.180756    
   1.204665       1.225893       1.244538       1.260686       1.274404    
   1.285748       1.294763       1.301480       1.305925       1.308112    
   1.308112       1.305926       1.301484       1.294768       1.285753    
   1.274407       1.260689       1.244539       1.225892       1.204661    
   1.180750       1.154038       1.124364       1.091540       1.055330    
   1.015440      0.9714845      0.9229538      0.8691714      0.8091885    
  0.7416154      0.6642852      0.5734650      0.4617347      0.3088672    
  0.3091606      0.4621020      0.5739077      0.6647921      0.7421822    
  0.8098103      0.8698462      0.9236795      0.9722609       1.016268    
   1.056203       1.092453       1.125314       1.155025       1.181773    
   1.205713       1.226969       1.245640       1.261811       1.275550    
   1.286912       1.295942       1.302671       1.307124       1.309317    
   1.309317       1.307126       1.302675       1.295949       1.286920    
   1.275558       1.261821       1.245649       1.226977       1.205718    
   1.181777       1.155031       1.125319       1.092457       1.056206    
   1.016271      0.9722701      0.9236911      0.8698573      0.8098197    
  0.7421893      0.6647971      0.5739100      0.4621044      0.3091604    
  0.3095666      0.4626465      0.5745868      0.6655931      0.7430973    
  0.8108334      0.8709726      0.9249046      0.9735803       1.017678    
   1.057701       1.094033       1.126971       1.156755       1.183572    
   1.207575       1.228888       1.247610       1.263828       1.277608    
   1.289003       1.298061       1.304812       1.309281       1.311483    
   1.311483       1.309282       1.304816       1.298067       1.289009    
   1.277613       1.263836       1.247619       1.228897       1.207581    
   1.183578       1.156764       1.126981       1.094041       1.057707    
   1.017685      0.9735929      0.9249178      0.8709836      0.8108442    
  0.7431055      0.6655991      0.5745910      0.4626487      0.3095661    
  0.3100480      0.4632923      0.5753880      0.6665335      0.7441676    
  0.8120271      0.8722839      0.9263293      0.9751132       1.019314    
   1.059435       1.095860       1.128886       1.158751       1.185644    
   1.209716       1.231094       1.249875       1.266145       1.279969    
   1.291403       1.300493       1.307269       1.311756       1.313970    
   1.313972       1.311761       1.307278       1.300505       1.291416    
   1.279982       1.266160       1.249891       1.231109       1.209728    
   1.185654       1.158763       1.128898       1.095870       1.059444    
   1.019325      0.9751292      0.9263465      0.8722996      0.8120421    
  0.7441793      0.6665414      0.5753921      0.4632966      0.3100508    
  0.3106390      0.4641001      0.5763977      0.6677252      0.7455306    
  0.8135523      0.8739640      0.9281581      0.9770846       1.021422    
   1.061672       1.098220       1.131362       1.161336       1.188330    
   1.212496       1.233958       1.252815       1.269152       1.283036    
   1.294520       1.303652       1.310462       1.314972       1.317201    
   1.317203       1.314979       1.310474       1.303670       1.294540    
   1.283057       1.269177       1.252841       1.233983       1.212518    
   1.188350       1.161358       1.131384       1.098238       1.061688    
   1.021437      0.9771051      0.9281787      0.8739828      0.8135683    
  0.7455440      0.6677361      0.5764050      0.4641052      0.3106413    
  0.3113571      0.4650967      0.5776501      0.6692089      0.7472315    
  0.8154605      0.8760707      0.9304544      0.9795631       1.024074    
   1.064490       1.101195       1.134485       1.164597       1.191719    
   1.216004       1.237574       1.256528       1.272951       1.286910    
   1.298459       1.307643       1.314493       1.319032       1.321277    
   1.321278       1.319038       1.314504       1.307660       1.298477    
   1.286929       1.272973       1.256550       1.237594       1.216019    
   1.191733       1.164612       1.134498       1.101206       1.064499    
   1.024083      0.9795778      0.9304709      0.8760856      0.8154732    
  0.7472414      0.6692169      0.5776552      0.4651002      0.3113574    
  0.3122143      0.4662960      0.5791595      0.6709984      0.7492839    
  0.8177624      0.8786114      0.9332254      0.9825538       1.027275    
   1.067891       1.104784       1.138252       1.168532       1.195809    
   1.220235       1.241934       1.261004       1.277530       1.291577    
   1.303201       1.312445       1.319342       1.323914       1.326178    
   1.326179       1.323917       1.319348       1.312454       1.303209    
   1.291587       1.277541       1.261015       1.241943       1.220241    
   1.195814       1.168539       1.138260       1.104790       1.067895    
   1.027280      0.9825644      0.9332368      0.8786211      0.8177692    
  0.7492884      0.6710013      0.5791597      0.4662956      0.3122128    
  0.3132857      0.4678334      0.5811194      0.6733437      0.7519939    
  0.8208215      0.8820068      0.9369432      0.9865814       1.031599    
   1.072499       1.109661       1.143381       1.173896       1.201392    
   1.226019       1.247902       1.267137       1.283809       1.297983    
   1.309714       1.319047       1.326011       1.330630       1.332920    
   1.332920       1.330633       1.326017       1.319056       1.309725    
   1.297994       1.283822       1.267151       1.247913       1.226026    
   1.201397       1.173903       1.143388       1.109666       1.072504    
   1.031605      0.9865932      0.9369555      0.8820182      0.8208308    
  0.7520010      0.6733491      0.5811225      0.4678350      0.3132860    
  0.3145514      0.4696561      0.5834405      0.6761198      0.7551993    
  0.8244373      0.8860157      0.9413304      0.9913321       1.036696    
   1.077925       1.115399       1.149412       1.180201       1.207950    
   1.232810       1.254903       1.274327       1.291166       1.305485    
   1.317337       1.326769       1.333809       1.338481       1.340799    
   1.340800       1.338483       1.333814       1.326776       1.317345    
   1.305492       1.291176       1.274337       1.254910       1.232813    
   1.207952       1.180205       1.149417       1.115402       1.077928    
   1.036700      0.9913419      0.9413430      0.8860275      0.8244462    
  0.7552060      0.6761246      0.5834427      0.4696573      0.3145520    
  0.3160922      0.4719051      0.5863212      0.6795787      0.7592058    
  0.8289686      0.8910521      0.9468519      0.9973180       1.043127    
   1.084777       1.122651       1.157039       1.188178       1.216250    
   1.241407       1.263770       1.283437       1.300489       1.314993    
   1.327002       1.336561       1.343699       1.348438       1.350795    
   1.350797       1.348443       1.343709       1.336576       1.327020    
   1.315012       1.300512       1.283460       1.263792       1.241426    
   1.216268       1.188197       1.157059       1.122669       1.084795    
   1.043146      0.9973423      0.9468768      0.8910751      0.8289891    
  0.7592220      0.6795915      0.5863306      0.4719117      0.3160942    
  0.3179663      0.4746697      0.5898786      0.6838646      0.7641825    
  0.8346075      0.8973286      0.9537411       1.004795       1.051164    
   1.093346       1.131722       1.166581       1.198158       1.226637    
   1.252166       1.274865       1.294832       1.312150       1.326883    
   1.339085       1.348800       1.356058       1.360881       1.363283    
   1.363285       1.360887       1.356071       1.348819       1.339107    
   1.326906       1.312176       1.294858       1.274889       1.252186    
   1.226656       1.198179       1.166602       1.131741       1.093364    
   1.051182       1.004818      0.9537650      0.8973513      0.8346273    
  0.7641978      0.6838759      0.5898860      0.4746744      0.3179676    
  0.3202530      0.4780737      0.5942740      0.6891739      0.7703608    
  0.8416195      0.9051417      0.9623240       1.014114       1.061184    
   1.104031       1.143032       1.178476       1.210598       1.239579    
   1.265567       1.288683       1.309022       1.326668       1.341682    
   1.354121       1.364027       1.371429       1.376351       1.378806    
   1.378807       1.376355       1.371437       1.364038       1.354133    
   1.341694       1.326681       1.309035       1.288694       1.265575    
   1.239585       1.210606       1.178483       1.143035       1.104032    
   1.061186       1.014121      0.9623317      0.9051478      0.8416232    
  0.7703615      0.6891727      0.5942711      0.4780716      0.3202508    
  0.3231312      0.4824261      0.5999409      0.6960611      0.7784135    
  0.8507928      0.9153946      0.9736136       1.026396       1.074410    
   1.118152       1.157995       1.194228       1.227081       1.256735    
   1.283338       1.307009       1.327844       1.345925       1.361314    
   1.374068       1.384228       1.391824       1.396877       1.399402    
   1.399404       1.396883       1.391834       1.384243       1.374084    
   1.361332       1.345944       1.327863       1.307027       1.283352    
   1.256748       1.227097       1.194244       1.158010       1.118166    
   1.074426       1.026417      0.9736356      0.9154152      0.8508111    
  0.7784269      0.6960700      0.5999455      0.4824301      0.3231317    
  0.3267075      0.4878776      0.6070643      0.7047439      0.7885870    
  0.8624002      0.9283806      0.9879206       1.041963       1.091174    
   1.136044       1.176947       1.214167       1.247935       1.278432    
   1.305802       1.330165       1.351618       1.370241       1.386098    
   1.399242       1.409717       1.417552       1.422767       1.425377    
   1.425380       1.422774       1.417564       1.409735       1.399262    
   1.386120       1.370265       1.351643       1.330188       1.305821    
   1.278450       1.247955       1.214186       1.176962       1.136059    
   1.091190       1.041984      0.9879434      0.9284004      0.8624173    
  0.7885993      0.7047533      0.6070700      0.4878817      0.3267079    
  0.3313142      0.4949999      0.6164445      0.7162437      0.8021194    
  0.8778894      0.9457493       1.007088       1.062842       1.113675    
   1.160073       1.202406       1.240959       1.275961       1.307589    
   1.335991       1.361284       1.383564       1.402912       1.419391    
   1.433055       1.443949       1.452099       1.457529       1.460251    
   1.460254       1.457538       1.452115       1.443970       1.433081    
   1.419419       1.402942       1.383594       1.361314       1.336018    
   1.307615       1.275988       1.240986       1.202430       1.160095    
   1.113698       1.062870       1.007116      0.9457754      0.8779123    
  0.8021379      0.7162576      0.6164544      0.4950061      0.3313165    
  0.3373756      0.5045055      0.6290689      0.7318157      0.8205245    
  0.8990186      0.9694896       1.033318       1.091435       1.144497    
   1.192990       1.237281       1.277651       1.314329       1.347494    
   1.377291       1.403839       1.427234       1.447558       1.464875    
   1.479238       1.490692       1.499265       1.504977       1.507845    
   1.507846       1.504980       1.499271       1.490701       1.479249    
   1.464886       1.447571       1.427247       1.403851       1.377299    
   1.347502       1.314339       1.277661       1.237289       1.192997    
   1.144506       1.091449       1.033333      0.9695029      0.8990294    
  0.8205325      0.7318198      0.6290693      0.5045050      0.3373749    
  0.3456641      0.5177307      0.6468182      0.7538715      0.8467199    
  0.9291843       1.003445       1.070873       1.132393       1.188657    
   1.240146       1.287227       1.330184       1.369244       1.404587    
   1.436362       1.464686       1.489658       1.511361       1.529859    
   1.545208       1.557453       1.566622       1.572736       1.575809    
   1.575812       1.572745       1.566639       1.557477       1.545237    
   1.529890       1.511396       1.489694       1.464721       1.436392    
   1.404618       1.369276       1.330215       1.287256       1.240172    
   1.188683       1.132425       1.070906       1.003475      0.9292099    
  0.8467394      0.7538865      0.6468284      0.5177375      0.3456672    
  0.3574781      0.5369773      0.6729972      0.7866900      0.8859114    
  0.9744619       1.054502       1.127393       1.194051       1.255130    
   1.311113       1.362368       1.409183       1.451789       1.490370    
   1.525078       1.556034       1.583340       1.607082       1.627324    
   1.644125       1.657533       1.667575       1.674275       1.677644    
   1.677647       1.674281       1.667589       1.657552       1.644147    
   1.627347       1.607107       1.583365       1.556060       1.525099    
   1.490391       1.451810       1.409202       1.362384       1.311126    
   1.255144       1.194070       1.127412       1.054520      0.9744764    
  0.8859216      0.7866966      0.6730001      0.5369789      0.3574777    
  0.3777169      0.5712768      0.7205554      0.8468767      0.9580889    
   1.057966       1.148666       1.231556       1.307567       1.377367    
   1.441455       1.500216       1.553948       1.602900       1.647262    
   1.687199       1.722840       1.754293       1.781652       1.804989    
   1.824364       1.839830       1.851418       1.859149       1.863040    
   1.863044       1.859160       1.851436       1.839856       1.824394    
   1.805020       1.781687       1.754329       1.722874       1.687229    
   1.647292       1.602932       1.553981       1.500245       1.441481    
   1.377394       1.307600       1.231590       1.148697       1.057993    
  0.9581097      0.8468925      0.7205660      0.5712842      0.3777198    
  0.3989249      0.6080241      0.7732275      0.9151051       1.041178    
   1.155100       1.258999       1.354248       1.441799       1.522343    
   1.596402       1.664383       1.726604       1.783332       1.834775    
   1.881107       1.922474       1.958995       1.990773       2.017887    
   2.040406       2.058383       2.071854       2.080846       2.085373    
   2.085381       2.080868       2.071892       2.058432       2.040464    
   2.017951       1.990840       1.959062       1.922537       1.881164    
   1.834828       1.783385       1.726653       1.664425       1.596440    
   1.522377       1.441834       1.354277       1.259019       1.155112    
   1.041181      0.9151046      0.7732249      0.6080214      0.3989234    
  0.6274266       1.034554       1.377902       1.681245       1.955090    
   2.205028       2.434546       2.646008       2.841109       3.021115    
   3.187008       3.339566       3.479408       3.607060       3.722941    
   3.827406       3.920745       4.003194       4.074964       4.136222    
   4.187107       4.227742       4.258190       4.278495       4.288680    
   4.288692       4.278531       4.258253       4.227834       4.187219    
   4.136347       4.075114       4.003356       3.920913       3.827572    
   3.723116       3.607251       3.479603       3.339756       3.187194    
   3.021311       2.841331       2.646236       2.434766       2.205232    
   1.955265       1.681389       1.378009       1.034628      0.6274634    
  0.1195126      7.5153410E-02  6.8298653E-02  6.1917976E-02  5.7180926E-02
  5.3183243E-02  4.9638148E-02  4.6392195E-02  4.3340776E-02  4.0427268E-02
  3.7614226E-02  3.4859896E-02  3.2166552E-02  2.9488036E-02  2.6852932E-02
  2.4213735E-02  2.1594442E-02  1.8989565E-02  1.6374296E-02  1.3775903E-02
  1.1174267E-02  8.5860370E-03  6.0145012E-03  3.4724989E-03  9.5788104E-04
  9.5927488E-04  3.4772977E-03  6.0163313E-03  8.5876547E-03  1.1178287E-02
  1.3781416E-02  1.6384281E-02  1.8988468E-02  2.1603016E-02  2.4222003E-02
  2.6853658E-02  2.9500833E-02  3.2164849E-02  3.4864526E-02  3.7615187E-02
  4.0434055E-02  4.3343723E-02  4.6396073E-02  4.9640711E-02  5.3188935E-02
  5.7186797E-02  6.1922420E-02  6.8302423E-02  7.5154088E-02  0.1195033    
  0.1245281      6.8859607E-02  6.2561132E-02  5.6617264E-02  5.2491371E-02
  4.9089853E-02  4.6085007E-02  4.3326586E-02  4.0703576E-02  3.8166679E-02
  3.5686366E-02  3.3213455E-02  3.0774601E-02  2.8296134E-02  2.5849747E-02
  2.3350198E-02  2.0855598E-02  1.8359866E-02  1.5818672E-02  1.3291823E-02
  1.0738991E-02  8.1947297E-03  5.6658718E-03  3.1706195E-03  6.9478038E-04
  6.9659296E-04  3.1791958E-03  5.6686965E-03  8.1971008E-03  1.0743872E-02
  1.3301002E-02  1.5836701E-02  1.8355262E-02  2.0869978E-02  2.3363676E-02
  2.5849771E-02  2.8320113E-02  3.0769493E-02  3.3221222E-02  3.5686560E-02
  3.8179796E-02  4.0709030E-02  4.3331418E-02  4.6089213E-02  4.9097437E-02
  5.2501809E-02  5.6622297E-02  6.2567376E-02  6.8859123E-02  0.1245090    
  0.1381852      7.3101513E-02  6.6058397E-02  5.9571084E-02  5.5214681E-02
  5.1693022E-02  4.8604477E-02  4.5780540E-02  4.3088894E-02  4.0475965E-02
  3.7913531E-02  3.5337619E-02  3.2794636E-02  3.0182516E-02  2.7608661E-02
  2.4951318E-02  2.2296220E-02  1.9636506E-02  1.6908592E-02  1.4198201E-02
  1.1447348E-02  8.7034497E-03  5.9731365E-03  3.2772825E-03  5.8969000E-04
  5.9057656E-04  3.2880083E-03  5.9750667E-03  8.7049557E-03  1.1453255E-02
  1.4208767E-02  1.6932545E-02  1.9628329E-02  2.2316510E-02  2.4970071E-02
  2.7605761E-02  3.0215632E-02  3.2785852E-02  3.5348136E-02  3.7912849E-02
  4.0492851E-02  4.3095004E-02  4.5787953E-02  4.8609588E-02  5.1704027E-02
  5.5228949E-02  5.9578784E-02  6.6067435E-02  7.3102400E-02  0.1381585    
  0.1482981      7.6229863E-02  6.8615772E-02  6.1687395E-02  5.7128090E-02
  5.3499088E-02  5.0337002E-02  4.7460094E-02  4.4716600E-02  4.2049315E-02
  3.9431456E-02  3.6783587E-02  3.4172371E-02  3.1466644E-02  2.8809238E-02
  2.6041901E-02  2.3277173E-02  2.0506963E-02  1.7648611E-02  1.4811950E-02
  1.1922131E-02  9.0385601E-03  6.1663077E-03  3.3274144E-03  4.8731058E-04
  4.8762289E-04  3.3404706E-03  6.1672651E-03  9.0392195E-03  1.1929512E-02
  1.4823993E-02  1.7678270E-02  2.0495027E-02  2.3302775E-02  2.6065744E-02
  2.8802985E-02  3.1508353E-02  3.4159400E-02  3.6796223E-02  3.9429508E-02
  4.2069331E-02  4.4722732E-02  4.7469683E-02  5.0342560E-02  5.3513452E-02
  5.7146121E-02  6.1697595E-02  6.8627797E-02  7.6232344E-02  0.1482648    
  0.1560467      7.8702994E-02  7.0630006E-02  6.3342579E-02  5.8604654E-02
  5.4877017E-02  5.1645249E-02  4.8719298E-02  4.5929886E-02  4.3217000E-02
  4.0555522E-02  3.7850752E-02  3.5189703E-02  3.2411721E-02  2.9694259E-02
  2.6843674E-02  2.3997698E-02  2.1147506E-02  1.8191213E-02  1.5261660E-02
  1.2268282E-02  9.2804637E-03  6.3016098E-03  3.3542037E-03  3.9795807E-04
  3.9747971E-04  3.3694012E-03  6.3018035E-03  9.2798145E-03  1.2276703E-02
  1.5274990E-02  1.8226242E-02  2.1131516E-02  2.4028083E-02  2.6871905E-02
  2.9684413E-02  3.2461468E-02  3.5172764E-02  3.7865754E-02  4.0552363E-02
  4.3239892E-02  4.5935925E-02  4.8731007E-02  5.1651165E-02  5.4895047E-02
  5.8626551E-02  6.3355431E-02  7.0645273E-02  7.8707173E-02  0.1560071    
  0.1615082      8.0346733E-02  7.1934506E-02  6.4386763E-02  5.9517600E-02
  5.5721689E-02  5.2441843E-02  4.9486049E-02  4.6669390E-02  4.3930300E-02
  4.1245967E-02  3.8507070E-02  3.5820141E-02  3.2996375E-02  3.0246621E-02
  2.7342770E-02  2.4446731E-02  2.1548856E-02  1.8528663E-02  1.5540729E-02
  1.2479618E-02  9.4240904E-03  6.3747521E-03  3.3544002E-03  3.1972566E-04
  3.1819669E-04  3.3715405E-03  6.3735582E-03  9.4218021E-03  1.2488607E-02
  1.5554975E-02  1.8568819E-02  2.1528663E-02  2.4481773E-02  2.7375286E-02
  3.0233186E-02  3.3053987E-02  3.5799388E-02  3.8524255E-02  4.1241813E-02
  4.3956332E-02  4.6675485E-02  4.9500212E-02  5.2448146E-02  5.5742849E-02
  5.9543140E-02  6.4401962E-02  7.1952909E-02  8.0352701E-02  0.1614632    
  0.1648896      8.1185542E-02  7.2545938E-02  6.4832881E-02  5.9883349E-02
  5.6053624E-02  5.2751921E-02  4.9788687E-02  4.6965864E-02  4.4221487E-02
  4.1535653E-02  3.8785119E-02  3.6095679E-02  3.3251539E-02  3.0495675E-02
  2.7566059E-02  2.4648499E-02  2.1733094E-02  1.8679811E-02  1.5665121E-02
  1.2568471E-02  9.4783008E-03  6.3918876E-03  3.3309392E-03  2.5270533E-04
  2.5042030E-04  3.3505396E-03  6.3898438E-03  9.4749415E-03  1.2578454E-02
  1.5680304E-02  1.8724898E-02  2.1708541E-02  2.4688430E-02  2.7602965E-02
  3.0478725E-02  3.3316940E-02  3.6071636E-02  3.8804583E-02  4.1530576E-02
  4.4250570E-02  4.6971675E-02  4.9805008E-02  5.2758023E-02  5.6077421E-02
  5.9911821E-02  6.4850055E-02  7.2566718E-02  8.1192866E-02  0.1648384    
  0.1663656      8.1260949E-02  7.2498411E-02  6.4710230E-02  5.9730612E-02
  5.5902466E-02  5.2606236E-02  4.9659267E-02  4.6852022E-02  4.4123523E-02
  4.1457538E-02  3.8717225E-02  3.6047537E-02  3.3206690E-02  3.0468922E-02
  2.7539309E-02  2.4626303E-02  2.1720439E-02  1.8662576E-02  1.5649766E-02
  1.2547581E-02  9.4524212E-03  6.3592303E-03  3.2867531E-03  1.9672747E-04
  1.9431932E-04  3.3093004E-03  6.3566878E-03  9.4482917E-03  1.2558791E-02
  1.5665846E-02  1.8712498E-02  2.1691818E-02  2.4671327E-02  2.7580557E-02
  3.0448437E-02  3.3279780E-02  3.6020394E-02  3.8739298E-02  4.1451745E-02
  4.4155557E-02  4.6857622E-02  4.9677629E-02  5.2612312E-02  5.5928670E-02
  5.9762057E-02  6.4729311E-02  7.2521828E-02  8.1269994E-02  0.1663091    
  0.1660880      8.0617636E-02  7.1830168E-02  6.4051308E-02  5.9089817E-02
  5.5298042E-02  5.2034460E-02  4.9126998E-02  4.6356659E-02  4.3664604E-02
  4.1038934E-02  3.8329896E-02  3.5701312E-02  3.2885581E-02  3.0188724E-02
  2.7282920E-02  2.4398649E-02  2.1527402E-02  1.8491158E-02  1.5506610E-02
  1.2426293E-02  9.3536191E-03  6.2812758E-03  3.2246050E-03  1.5196028E-04
  1.4903974E-04  3.2496487E-03  6.2777144E-03  9.3481038E-03  1.2438857E-02
  1.5523686E-02  1.8545970E-02  2.1495024E-02  2.4448985E-02  2.7328487E-02
  3.0164739E-02  3.2966219E-02  3.5670377E-02  3.8354103E-02  4.1032083E-02
  4.3699555E-02  4.6362143E-02  4.9147472E-02  5.2040324E-02  5.5326410E-02
  5.9124373E-02  6.4071931E-02  7.1856320E-02  8.0628373E-02  0.1660271    
  0.1641903      7.9299532E-02  7.0579223E-02  6.2888853E-02  5.7990965E-02
  5.4268800E-02  5.1064171E-02  4.8218790E-02  4.5505654E-02  4.2870026E-02
  4.0303942E-02  3.7646003E-02  3.5078298E-02  3.2308351E-02  2.9673584E-02
  2.6813807E-02  2.3980727E-02  2.1167533E-02  1.8177094E-02  1.5244973E-02
  1.2211457E-02  9.1869598E-03  6.1612758E-03  3.1457357E-03  1.1759812E-04
  1.1377436E-04  3.1729024E-03  6.1567952E-03  9.1800233E-03  1.2225857E-02
  1.5262928E-02  1.8236313E-02  2.1131406E-02  2.4036407E-02  2.6863636E-02
  2.9646320E-02  3.2396659E-02  3.5043772E-02  3.7672143E-02  4.0296141E-02
  4.2907607E-02  4.5511216E-02  4.8241172E-02  5.1069960E-02  5.4298956E-02
  5.8028553E-02  6.2910624E-02  7.0608310E-02  7.9312064E-02  0.1641261    
  0.1607934      7.7349871E-02  6.8783291E-02  6.1254408E-02  5.6463305E-02
  5.2841928E-02  4.9721524E-02  4.6959452E-02  4.4323366E-02  4.1763037E-02
  3.9274901E-02  3.6686797E-02  3.4198709E-02  3.1493884E-02  2.8940897E-02
  2.6148008E-02  2.3386903E-02  2.0653309E-02  1.7730845E-02  1.4873685E-02
  1.1910194E-02  8.9574745E-03  6.0022366E-03  3.0513785E-03  9.2547867E-05
  8.7580243E-05  3.0801098E-03  5.9965001E-03  8.9486828E-03  1.1925710E-02
  1.4891655E-02  1.7793501E-02  2.0612851E-02  2.3447365E-02  2.6201455E-02
  2.8910171E-02  3.1589661E-02  3.4160666E-02  3.6715027E-02  3.9266504E-02
  4.1803494E-02  4.4329420E-02  4.6984550E-02  4.9727824E-02  5.2874200E-02
  5.6504257E-02  6.1277807E-02  6.8815686E-02  7.7364683E-02  0.1607274    
  0.1560060      7.4808292E-02  6.6475861E-02  5.9176929E-02  5.4532740E-02
  5.1041301E-02  4.8028965E-02  4.5370109E-02  4.2830016E-02  4.0362339E-02
  3.7969787E-02  3.5469238E-02  3.3077955E-02  3.0457193E-02  2.8003996E-02
  2.5297305E-02  2.2627369E-02  1.9993829E-02  1.7159954E-02  1.4398990E-02
  1.1527426E-02  8.6683063E-03  5.8063553E-03  2.9417085E-03  7.5446085E-05
  7.0278867E-05  2.9726345E-03  5.7995548E-03  8.6584445E-03  1.1544328E-02
  1.4417684E-02  1.7226387E-02  1.9948956E-02  2.2692775E-02  2.5353836E-02
  2.7969664E-02  3.0559260E-02  3.3036351E-02  3.5499085E-02  3.7960760E-02
  4.0405981E-02  4.2836439E-02  4.5398053E-02  4.8035502E-02  5.1075671E-02
  5.4577094E-02  5.9201382E-02  6.6511139E-02  7.4824721E-02  0.1559378    
  0.1499287      7.1712628E-02  6.3689217E-02  5.6683745E-02  5.2223742E-02
  4.8889711E-02  4.6007678E-02  4.3471176E-02  4.1044425E-02  3.8686134E-02
  3.6405429E-02  3.4008503E-02  3.1730596E-02  2.9211391E-02  2.6874833E-02
  2.4272431E-02  2.1712078E-02  1.9197542E-02  1.6471816E-02  1.3826648E-02
  1.1067742E-02  8.3231656E-03  5.5749863E-03  2.8173558E-03  6.5287641E-05
  6.0009061E-05  2.8508599E-03  5.5677183E-03  8.3125392E-03  1.1086642E-02
  1.3846963E-02  1.6542697E-02  1.9148920E-02  2.1782970E-02  2.4332706E-02
  2.6837472E-02  2.9319689E-02  3.1685907E-02  3.4040123E-02  3.6395576E-02
  3.8732834E-02  4.1051012E-02  4.3501537E-02  4.6014220E-02  4.8925728E-02
  5.2271184E-02  5.6708496E-02  6.3726902E-02  7.1729884E-02  0.1498574    
  0.1426572      6.8100341E-02  6.0455620E-02  5.3802449E-02  4.9561247E-02
  4.6410084E-02  4.3678910E-02  4.1282367E-02  3.8985215E-02  3.6751956E-02
  3.4598257E-02  3.2320030E-02  3.0170692E-02  2.7769409E-02  2.5565311E-02
  2.3084387E-02  2.0650500E-02  1.8272951E-02  1.5673533E-02  1.3162794E-02
  1.0535668E-02  7.9250922E-03  5.3106500E-03  2.6789238E-03  6.1359504E-05
  5.5112479E-05  2.7141341E-03  5.3019868E-03  7.9130502E-03  1.0555979E-02
  1.3184616E-02  1.5748667E-02  1.8220704E-02  2.0727506E-02  2.3148568E-02
  2.5525620E-02  2.7884183E-02  3.0123675E-02  3.2354183E-02  3.4587745E-02
  3.6801673E-02  3.8992196E-02  4.1315332E-02  4.3685839E-02  4.6447970E-02
  4.9612097E-02  5.3827662E-02  6.0496137E-02  6.8118781E-02  0.1425837    
  0.1342811      6.4006492E-02  5.6805108E-02  5.0558005E-02  4.6567861E-02
  4.3622952E-02  4.1061588E-02  3.8821612E-02  3.6668979E-02  3.4575555E-02
  3.2562777E-02  3.0417725E-02  2.8411141E-02  2.6142970E-02  2.4086373E-02
  2.1742392E-02  1.9450910E-02  1.7226972E-02  1.4771043E-02  1.2412243E-02
  9.9347793E-03  7.4763531E-03  5.0141853E-03  2.5265561E-03  6.2292434E-05
  5.4533084E-05  2.5628279E-03  5.0033154E-03  7.4623688E-03  9.9559408E-03
  1.2435043E-02  1.4849871E-02  1.7171012E-02  1.9533729E-02  2.1810228E-02
  2.4043716E-02  2.6263343E-02  2.8361497E-02  3.0453946E-02  3.2551348E-02
  3.4627788E-02  3.6676366E-02  3.8857322E-02  4.1069597E-02  4.3663200E-02
  4.6622779E-02  5.0584707E-02  5.6848925E-02  6.4027004E-02  0.1342061    
  0.1248826      5.9463013E-02  5.2764043E-02  4.6972174E-02  4.3262765E-02
  4.0545389E-02  3.8171563E-02  3.6103182E-02  3.4108948E-02  3.2168955E-02
  3.0310115E-02  2.8311867E-02  2.6461003E-02  2.4340486E-02  2.2445062E-02
  2.0253407E-02  1.8119199E-02  1.6064055E-02  1.3768437E-02  1.1577442E-02
  9.2670573E-03  6.9779279E-03  4.6849092E-03  2.3590983E-03  6.6337641E-05
  5.7572524E-05  2.3970285E-03  4.6727057E-03  6.9622039E-03  9.2892572E-03
  1.1601551E-02  1.3850656E-02  1.6004866E-02  1.8207638E-02  2.0324664E-02
  2.2399416E-02  2.4465712E-02  2.6408920E-02  2.8349757E-02  3.0297719E-02
  3.2223314E-02  3.4116764E-02  3.6141422E-02  3.8180552E-02  4.0587790E-02
  4.3321565E-02  4.7000606E-02  5.2811127E-02  5.9485450E-02  0.1248062    
  0.1145411      5.4500286E-02  4.8357986E-02  4.3066286E-02  3.9664380E-02
  3.7193704E-02  3.5023622E-02  3.3140443E-02  3.1317446E-02  2.9543389E-02
  2.7850436E-02  2.6012097E-02  2.4329124E-02  2.2369947E-02  2.0648651E-02
  1.8623728E-02  1.6661381E-02  1.4789520E-02  1.2669778E-02  1.0662029E-02
  8.5349409E-03  6.4312476E-03  4.3241717E-03  2.1769442E-03  7.2692485E-05
  6.2918545E-05  2.2159044E-03  4.3102028E-03  6.4135934E-03  8.5575003E-03
  1.0686801E-02  1.2754508E-02  1.4726836E-02  1.6754773E-02  1.8697985E-02
  2.0599911E-02  2.2499720E-02  2.4274679E-02  2.6051413E-02  2.7837414E-02
  2.9599767E-02  3.1325959E-02  3.3181347E-02  3.5033856E-02  3.7238706E-02
  3.9727207E-02  4.3096688E-02  4.8408508E-02  5.4525234E-02  0.1144633    
  0.1033339      4.9149476E-02  4.3612763E-02  3.8861699E-02  3.5791308E-02
  3.3584584E-02  3.1632815E-02  2.9947279E-02  2.8307155E-02  2.6710553E-02
  2.5194259E-02  2.3528069E-02  2.2024242E-02  2.0239346E-02  1.8704362E-02
  1.6860008E-02  1.5082994E-02  1.3408338E-02  1.1479227E-02  9.6690161E-03
  7.7409511E-03  5.8383076E-03  3.9324500E-03  1.9797699E-03  8.0489837E-05
  6.8911839E-05  2.0191278E-03  3.9163800E-03  5.8179842E-03  7.7630072E-03
  9.6941898E-03  1.1565692E-02  1.3342107E-02  1.5181105E-02  1.6936900E-02
  1.8653031E-02  2.0373492E-02  2.1968240E-02  2.3569036E-02  2.5181245E-02
  2.6768805E-02  2.8316684E-02  2.9990744E-02  3.1644613E-02  3.3632465E-02
  3.5858378E-02  3.8894247E-02  4.3666817E-02  4.9177174E-02  0.1032551    
  9.1337360E-02  4.3440800E-02  3.8553409E-02  3.4379050E-02  3.1661719E-02
  2.9734146E-02  2.8013537E-02  2.6536517E-02  2.5089709E-02  2.3680989E-02
  2.2351492E-02  2.0868298E-02  1.9554043E-02  1.7955791E-02  1.6618375E-02
  1.4967376E-02  1.3388299E-02  1.1923442E-02  1.0198968E-02  8.6001307E-03
  6.8857358E-03  5.1990487E-03  3.5094148E-03  1.7665816E-03  8.7986591E-05
  7.5077318E-05  1.8066217E-03  3.4915586E-03  5.1766294E-03  6.9078822E-03
  8.6263316E-03  1.0287527E-02  1.1854601E-02  1.3491114E-02  1.5046754E-02
  1.6564462E-02  1.8093618E-02  1.9496981E-02  2.0910908E-02  2.2338616E-02
  2.3740891E-02  2.5100159E-02  2.6582111E-02  2.8026519E-02  2.9784570E-02
  3.1732507E-02  3.4413386E-02  3.8610730E-02  4.3471307E-02  9.1257185E-02
  7.8625374E-02  3.7403222E-02  3.3203490E-02  2.9637353E-02  2.7291706E-02
  2.5656311E-02  2.4178209E-02  2.2919375E-02  2.1675354E-02  2.0463763E-02
  1.9330412E-02  1.8040381E-02  1.6925283E-02  1.5524724E-02  1.4395660E-02
  1.2949866E-02  1.1580946E-02  1.0338061E-02  8.8309394E-03  7.4573471E-03
  5.9703644E-03  4.5136544E-03  3.0547567E-03  1.5368025E-03  9.3886381E-05
  8.0344362E-05  1.5781088E-03  3.0360618E-03  4.4904090E-03  5.9933881E-03
  7.4851159E-03  8.9225601E-03  1.0267512E-02  1.1688631E-02  1.3031651E-02
  1.4339318E-02  1.5665710E-02  1.6867176E-02  1.8083770E-02  1.9317316E-02
  2.0524781E-02  2.1686113E-02  2.2966480E-02  2.4191851E-02  2.5708776E-02
  2.7365549E-02  2.9672680E-02  3.3263281E-02  3.7435912E-02  7.8542612E-02
  6.5272100E-02  3.1065952E-02  2.7586613E-02  2.4655620E-02  2.2697372E-02
  2.1365277E-02  2.0139188E-02  1.9106774E-02  1.8073769E-02  1.7067751E-02
  1.6138958E-02  1.5051483E-02  1.4144535E-02  1.2952120E-02  1.2041328E-02
  1.0812348E-02  9.6649518E-03  8.6560417E-03  7.3785814E-03  6.2428289E-03
  4.9968897E-03  3.7836286E-03  2.5688279E-03  1.2904733E-03  9.7468190E-05
  8.3077743E-05  1.3324392E-03  2.5496457E-03  3.7594324E-03  5.0205006E-03
  6.2721488E-03  7.4733002E-03  8.5840942E-03  9.7777024E-03  1.0897012E-02
  1.1983296E-02  1.3096535E-02  1.4086245E-02  1.5095695E-02  1.6126249E-02
  1.7130224E-02  1.8085290E-02  1.9155439E-02  2.0153681E-02  2.1419603E-02
  2.2774132E-02  2.4691693E-02  2.7648509E-02  3.1100824E-02  6.5186560E-02
  5.1349100E-02  2.4455260E-02  2.1723056E-02  1.9449150E-02  1.7891355E-02
  1.6871491E-02  1.5905162E-02  1.5106234E-02  1.4291523E-02  1.3498174E-02
  1.2781697E-02  1.1905121E-02  1.1214962E-02  1.0240701E-02  9.5576616E-03
  8.5564544E-03  7.6418570E-03  6.8783136E-03  5.8423034E-03  4.9569658E-03
  3.9648619E-03  3.0082276E-03  2.0513244E-03  1.0268121E-03  9.7717289E-05
  8.2044404E-05  1.0686431E-03  2.0313512E-03  2.9830008E-03  3.9885845E-03
  4.9872664E-03  5.9396056E-03  6.8042837E-03  7.7587008E-03  8.6434595E-03
  9.4977999E-03  1.0388190E-02  1.1156913E-02  1.1950482E-02  1.2769824E-02
  1.3562487E-02  1.4304018E-02  1.5156479E-02  1.5920745E-02  1.6927861E-02
  1.7971054E-02  1.9486368E-02  2.1787070E-02  2.4492614E-02  5.1261298E-02
  3.6927704E-02  1.7594807E-02  1.5630119E-02  1.4030210E-02  1.2882741E-02
  1.2181615E-02  1.1481519E-02  1.0921510E-02  1.0331334E-02  9.7571909E-03
  9.2595993E-03  8.6017959E-03  8.1364634E-03  7.3895231E-03  6.9435425E-03
  6.1806482E-03  5.5097118E-03  5.0025950E-03  4.2201863E-03  3.5978172E-03
  2.8724505E-03  2.1854695E-03  1.5003064E-03  7.4376864E-04  9.2973285E-05
  7.6683107E-05  7.8604370E-04  1.4800305E-03  2.1598747E-03  2.8966479E-03
  3.6289708E-03  4.3201894E-03  4.9268524E-03  5.6303744E-03  6.2697013E-03
  6.8818782E-03  7.5396965E-03  8.0785928E-03  8.6480165E-03  9.2482464E-03
  9.8227318E-03  1.0344365E-02  1.0973163E-02  1.1497645E-02  1.2239833E-02
  1.2964807E-02  1.4068194E-02  1.5695518E-02  1.7634381E-02  3.6837153E-02
  2.2092942E-02  1.0515248E-02  9.3309563E-03  8.4167570E-03  7.6859007E-03
  7.3079490E-03  6.8782973E-03  6.5616453E-03  6.2007629E-03  5.8513470E-03
  5.5786599E-03  5.1468168E-03  4.9136099E-03  4.4027851E-03  4.2023258E-03
  3.6879911E-03  3.2711811E-03  3.0311309E-03  2.5140038E-03  2.1664230E-03
  1.7204187E-03  1.3159965E-03  9.1567572E-04  4.4134352E-04  8.2719322E-05
  6.5807049E-05  4.8372900E-04  8.9524378E-04  1.2900626E-03  1.7449656E-03
  2.1981853E-03  2.6162341E-03  2.9536209E-03  3.3951472E-03  3.7788290E-03
  4.1390248E-03  4.5552603E-03  4.8559285E-03  5.1933751E-03  5.5675972E-03
  5.9177936E-03  6.2142699E-03  6.6145523E-03  6.8952874E-03  7.3679169E-03
  7.7703153E-03  8.4554385E-03  9.3977526E-03  1.0556960E-02  2.1999955E-02
  6.9174501E-03  3.2197575E-03  2.8203719E-03  2.5968419E-03  2.2851434E-03
  2.2320494E-03  2.0750738E-03  2.0048169E-03  1.8770382E-03  1.7575149E-03
  1.7154342E-03  1.5166451E-03  1.5233684E-03  1.2581889E-03  1.3127155E-03
  1.0582312E-03  9.0731122E-04  9.4618776E-04  7.0804439E-04  6.4881751E-04
  4.9704424E-04  3.9012550E-04  2.9037319E-04  1.1467027E-04  6.5085536E-05
  4.6822770E-05  1.5641225E-04  2.6919472E-04  3.6349002E-04  5.2136794E-04
  6.8046094E-04  8.1169367E-04  8.6702144E-04  1.0337782E-03  1.1502736E-03
  1.2477778E-03  1.4123864E-03  1.4662181E-03  1.5636564E-03  1.7047329E-03
  1.8248116E-03  1.8913921E-03  2.0591354E-03  2.0935896E-03  2.2941038E-03
  2.3721738E-03  2.6365994E-03  2.8889433E-03  3.2642167E-03  6.8230722E-03
  8.1098899E-03  3.9126668E-03  3.5167839E-03  3.0438998E-03  2.9325073E-03
  2.6588417E-03  2.5427435E-03  2.3673500E-03  2.2642291E-03  2.1570197E-03
  1.9733375E-03  1.9446566E-03  1.7053782E-03  1.7323028E-03  1.4325741E-03
  1.4366022E-03  1.3324926E-03  1.0270373E-03  9.9824031E-04  7.8279473E-04
  6.5407931E-04  4.7829034E-04  2.9268357E-04  1.8582476E-04  5.6737968E-05
  3.7186855E-05  1.4490304E-04  3.1482498E-04  5.0546223E-04  6.3003140E-04
  7.5134571E-04  8.9372607E-04  1.1074049E-03  1.2039691E-03  1.3436440E-03
  1.4988313E-03  1.5768945E-03  1.7617433E-03  1.8973744E-03  1.9835988E-03
  2.0892986E-03  2.2490860E-03  2.3119121E-03  2.5224942E-03  2.5950584E-03
  2.8429592E-03  3.0033491E-03  3.4463732E-03  3.8655873E-03  8.2049146E-03
  2.3283882E-02  1.1207667E-02  1.0027077E-02  8.8640209E-03  8.3330339E-03
  7.7350647E-03  7.3462748E-03  6.9245119E-03  6.5885647E-03  6.2509915E-03
  5.8371872E-03  5.5748010E-03  5.0963880E-03  4.8765913E-03  4.3231924E-03
  4.0665185E-03  3.6962384E-03  3.1129410E-03  2.8043485E-03  2.3011356E-03
  1.8777160E-03  1.4048574E-03  9.1832259E-04  5.1260251E-04  3.8739279E-05
  1.8093460E-05  4.7268503E-04  9.4139838E-04  1.4324671E-03  1.8542851E-03
  2.2698303E-03  2.6993698E-03  3.1944856E-03  3.5663992E-03  3.9730477E-03
  4.3905862E-03  4.7206325E-03  5.1520178E-03  5.5278544E-03  5.8471723E-03
  6.1832317E-03  6.5729725E-03  6.8682716E-03  7.3247673E-03  7.6699215E-03
  8.2414513E-03  8.8228872E-03  9.9551920E-03  1.1158198E-02  2.3379227E-02
  3.8114302E-02  1.8285306E-02  1.6324561E-02  1.4477048E-02  1.3528286E-02
  1.2608423E-02  1.1949192E-02  1.1284177E-02  1.0719183E-02  1.0156083E-02
  9.5184539E-03  9.0289060E-03  8.3197365E-03  7.8617772E-03  7.0652268E-03
  6.5579470E-03  5.9330761E-03  5.0850324E-03  4.5092576E-03  3.7325555E-03
  3.0289222E-03  2.2742648E-03  1.5029487E-03  8.1458740E-04  2.8228238E-05
  6.7658093E-06  7.7602285E-04  1.5268909E-03  2.3026071E-03  3.0064781E-03
  3.7017632E-03  4.4043562E-03  5.1674629E-03  5.8023436E-03  6.4643263E-03
  7.1332608E-03  7.7053192E-03  8.3741387E-03  8.9821685E-03  9.5276935E-03
  1.0088328E-02  1.0702874E-02  1.1226879E-02  1.1926155E-02  1.2541783E-02
  1.3434869E-02  1.4435221E-02  1.6251279E-02  1.8233608E-02  3.8209561E-02
  5.2527573E-02  2.5141651E-02  2.2413850E-02  1.9894207E-02  1.8533390E-02
  1.7296774E-02  1.6371159E-02  1.5467580E-02  1.4678288E-02  1.3895080E-02
  1.3039969E-02  1.2329823E-02  1.1397901E-02  1.0709578E-02  9.6795727E-03
  8.9309448E-03  8.0617229E-03  6.9607743E-03  6.1288471E-03  5.0911126E-03
  4.1197864E-03  3.0965533E-03  2.0539698E-03  1.0968193E-03  2.2933120E-05
  3.8802514E-06  1.0594991E-03  2.0783939E-03  3.1252149E-03  4.0982841E-03
  5.0606402E-03  6.0243788E-03  7.0435815E-03  7.9306401E-03  8.8375378E-03
  9.7479094E-03  1.0553333E-02  1.1450866E-02  1.2283498E-02  1.3048448E-02
  1.3827582E-02  1.4661231E-02  1.5409453E-02  1.6346741E-02  1.7228929E-02
  1.8438587E-02  1.9851906E-02  2.2339560E-02  2.5088070E-02  5.2622579E-02
  6.6439904E-02  3.1747740E-02  2.8273048E-02  2.5099382E-02  2.3335420E-02
  2.1789441E-02  2.0603415E-02  1.9467242E-02  1.8459760E-02  1.7462753E-02
  1.6397493E-02  1.5474079E-02  1.4328109E-02  1.3417773E-02  1.2164687E-02
  1.1184336E-02  1.0081418E-02  8.7397657E-03  7.6629575E-03  6.3769203E-03
  5.1506511E-03  3.8721345E-03  2.5721667E-03  1.3601135E-03  2.1956197E-05
  5.6243930E-06  1.3241660E-03  2.5968729E-03  3.9009929E-03  5.1300437E-03
  6.3466453E-03  7.5592049E-03  8.8224486E-03  9.9503929E-03  1.1091463E-02
  1.2232887E-02  1.3262366E-02  1.4379307E-02  1.5428272E-02  1.6404973E-02
  1.7395809E-02  1.8441837E-02  1.9408507E-02  2.0577500E-02  2.1720724E-02
  2.3239406E-02  2.5056550E-02  2.8198060E-02  3.1692535E-02  6.6534467E-02
  7.9775572E-02  3.8075894E-02  3.3881020E-02  3.0076342E-02  2.7921500E-02
  2.6075777E-02  2.4637213E-02  2.3275699E-02  2.2057148E-02  2.0853769E-02
  1.9586409E-02  1.8457914E-02  1.7107232E-02  1.5984081E-02  1.4518656E-02
  1.3316822E-02  1.1991194E-02  1.0421404E-02  9.1113327E-03  7.5900075E-03
  6.1219246E-03  4.6015899E-03  3.0582871E-03  1.6053391E-03  2.3991970E-05
  6.6204184E-06  1.5709124E-03  3.0830624E-03  4.6306131E-03  6.1020488E-03
  7.5600040E-03  9.0087904E-03  1.0503312E-02  1.1860633E-02  1.3224575E-02
  1.4586274E-02  1.5830055E-02  1.7156500E-02  1.8412739E-02  1.9592850E-02
  2.0787630E-02  2.2038341E-02  2.3216791E-02  2.4609713E-02  2.6006550E-02
  2.7824558E-02  3.0033166E-02  3.3805568E-02  3.8019240E-02  7.9869248E-02
  9.2464350E-02  4.4100873E-02  3.9218586E-02  3.4810659E-02  3.2279950E-02
  3.0146468E-02  2.8464504E-02  2.6886541E-02  2.5465071E-02  2.4063794E-02
  2.2603251E-02  2.1278290E-02  1.9732796E-02  1.8406468E-02  1.6739810E-02
  1.5327234E-02  1.3790189E-02  1.2005157E-02  1.0474045E-02  8.7306416E-03
  7.0340429E-03  5.2857390E-03  3.5131420E-03  1.8335228E-03  2.8033062E-05
  8.2486713E-06  1.8006478E-03  3.5379089E-03  5.3149415E-03  7.0148790E-03
  8.7006800E-03  1.0372799E-02  1.2085945E-02  1.3660638E-02  1.5236013E-02
  1.6806548E-02  1.8254358E-02  1.9780155E-02  2.1234091E-02  2.2608714E-02
  2.3998670E-02  2.5445666E-02  2.6827816E-02  2.8435869E-02  3.0077044E-02
  3.2182854E-02  3.4767289E-02  3.9143048E-02  4.4043023E-02  9.2556894E-02
  0.1044347      4.9795967E-02  4.4264570E-02  3.9285704E-02  3.6397092E-02
  3.3989735E-02  3.2075398E-02  3.0291039E-02  2.8675767E-02  2.7086053E-02
  2.5442053E-02  2.3930131E-02  2.2200404E-02  2.0681024E-02  1.8824978E-02
  1.7212888E-02  1.5476357E-02  1.3489342E-02  1.1749615E-02  9.7980136E-03
  7.8866016E-03  5.9245429E-03  3.9374800E-03  2.0455746E-03  3.2684547E-05
  1.1565893E-05  2.0138689E-03  3.9617172E-03  5.9537226E-03  7.8680785E-03
  9.7679943E-03  1.1649975E-02  1.3568713E-02  1.5348139E-02  1.7123006E-02
  1.8890493E-02  2.0531371E-02  2.2245662E-02  2.3886975E-02  2.5446512E-02
  2.7022170E-02  2.8655956E-02  3.0232649E-02  3.2045789E-02  3.3920359E-02
  3.6300376E-02  3.9242249E-02  4.4189297E-02  4.9737372E-02  0.1045257    
  0.1156111      5.5130813E-02  4.8993863E-02  4.3481071E-02  4.0255297E-02
  3.7590068E-02  3.5455968E-02  3.3476625E-02  3.1677954E-02  2.9910136E-02
  2.8093401E-02  2.6404841E-02  2.4502236E-02  2.2800826E-02  2.0768043E-02
  1.8968364E-02  1.7044943E-02  1.4870049E-02  1.2934891E-02  1.0789533E-02
  8.6779110E-03  6.5172194E-03  4.3308712E-03  2.2418462E-03  3.6821544E-05
  1.5600959E-05  2.2109787E-03  4.3542045E-03  6.5458929E-03  8.6598815E-03
  1.0759467E-02  1.2837303E-02  1.4947658E-02  1.6918628E-02  1.8880371E-02
  2.0832151E-02  2.2654414E-02  2.4545418E-02  2.6362937E-02  2.8096877E-02
  2.9847903E-02  3.1657875E-02  3.3418875E-02  3.5425451E-02  3.7520945E-02
  4.0159218E-02  4.3437708E-02  4.8919205E-02  5.5071879E-02  0.1157004    
  0.1259186      6.0076084E-02  5.3382311E-02  4.7376934E-02  4.3837499E-02
  4.0932331E-02  3.8592830E-02  3.6431164E-02  3.4460705E-02  3.2526072E-02
  3.0548180E-02  2.8694356E-02  2.6631087E-02  2.4759414E-02  2.2563059E-02
  2.0588599E-02  1.8491607E-02  1.6143547E-02  1.4027016E-02  1.1702938E-02
  9.4064642E-03  7.0626698E-03  4.6931007E-03  2.4227381E-03  3.9632068E-05
  1.8805664E-05  2.3925970E-03  4.7154804E-03  7.0907529E-03  9.3888426E-03
  1.1672914E-02  1.3931876E-02  1.6219106E-02  1.8367665E-02  2.0502793E-02
  2.2625603E-02  2.4616929E-02  2.6671918E-02  2.8653787E-02  3.0550651E-02
  3.2465611E-02  3.4440316E-02  3.6374263E-02  3.8561240E-02  4.0863868E-02
  4.3742280E-02  4.7333762E-02  5.3308506E-02  6.0017053E-02  0.1260056    
  0.1352795      6.4600043E-02  5.7403777E-02  5.0951265E-02  4.7124635E-02
  4.3999113E-02  4.1470435E-02  3.9140251E-02  3.7010837E-02  3.4921709E-02
  3.2795209E-02  3.0788470E-02  2.8577581E-02  2.6548387E-02  2.4202548E-02
  2.2066839E-02  1.9810479E-02  1.7304983E-02  1.5021687E-02  1.2534929E-02
  1.0069807E-02  7.5591826E-03  5.0234413E-03  2.5882684E-03  4.0133338E-05
  1.9792169E-05  2.5592628E-03  5.0450838E-03  7.5870180E-03  1.0052821E-02
  1.2505374E-02  1.4929613E-02  1.7378038E-02  1.9689342E-02  2.1983352E-02
  2.4263157E-02  2.6410246E-02  2.8615715E-02  3.0749017E-02  3.2796480E-02
  3.4863241E-02  3.6989931E-02  3.9084528E-02  4.1437659E-02  4.3931834E-02
  4.7030259E-02  5.0908417E-02  5.7330754E-02  6.4541258E-02  0.1353635    
  0.1436169      6.8673953E-02  6.1034337E-02  5.4184828E-02  5.0099820E-02
  4.6776023E-02  4.4075262E-02  4.1592076E-02  3.9317440E-02  3.7087444E-02
  3.4825679E-02  3.2678898E-02  3.0334320E-02  2.8161069E-02  2.5680477E-02
  2.3397997E-02  2.0996986E-02  1.8350439E-02  1.5915984E-02  1.3283159E-02
  1.0666423E-02  8.0061732E-03  5.3217099E-03  2.7388230E-03  3.7340073E-05
  1.8076616E-05  2.7115277E-03  5.3431140E-03  8.0340747E-03  1.0650381E-02
  1.3254379E-02  1.5827460E-02  1.8421106E-02  2.0879440E-02  2.3317300E-02
  2.5738798E-02  2.8027767E-02  3.0369636E-02  3.2640688E-02  3.4825541E-02
  3.7030887E-02  3.9296065E-02  4.1537568E-02  4.4041552E-02  4.6709873E-02
  5.0006639E-02  5.4142196E-02  6.0962360E-02  6.8615235E-02  0.1436972    
  0.1508476      7.2265647E-02  6.4246975E-02  5.7055313E-02  5.2743327E-02
  4.9245350E-02  4.6391353E-02  4.3771747E-02  4.1366838E-02  3.9010547E-02
  3.6627837E-02  3.4355089E-02  3.1891629E-02  2.9588569E-02  2.6989017E-02
  2.4574939E-02  2.2045014E-02  1.9274861E-02  1.6705610E-02  1.3944430E-02
  1.1193886E-02  8.4021706E-03  5.5875992E-03  2.8749779E-03  3.0122343E-05
  1.5189250E-05  2.8494713E-03  5.6085200E-03  8.4299836E-03  1.1178877E-02
  1.3916491E-02  1.6621033E-02  1.9342743E-02  2.1931607E-02  2.4497336E-02
  2.7044715E-02  2.9460525E-02  3.1923741E-02  3.4317866E-02  3.6626123E-02
  3.8955912E-02  4.1344963E-02  4.3718439E-02  4.6356861E-02  4.9180388E-02
  5.2651800E-02  5.7013009E-02  6.4176396E-02  7.2207190E-02  0.1509239    
  0.1568813      7.5338580E-02  6.7010656E-02  5.9536099E-02  5.5031382E-02
  5.1385276E-02  4.8398513E-02  4.5660429E-02  4.3141309E-02  4.0674418E-02
  3.8186111E-02  3.5802554E-02  3.3236086E-02  3.0818602E-02  2.8117085E-02
  2.5587689E-02  2.2945840E-02  2.0070707E-02  1.7384240E-02  1.4513422E-02
  1.1648479E-02  8.7445630E-03  5.8196955E-03  2.9966361E-03  1.9831372E-05
  1.9960513E-05  2.9727696E-03  5.8399076E-03  8.7718945E-03  1.1634268E-02
  1.4486420E-02  1.7303793E-02  2.0135244E-02  2.2836838E-02  2.5513448E-02
  2.8169725E-02  3.0696299E-02  3.3264920E-02  3.5766296E-02  3.8182862E-02
  4.0621955E-02  4.3119028E-02  4.5608584E-02  4.8363511E-02  5.1321715E-02
  5.4942101E-02  5.9494451E-02  6.6941924E-02  7.5281031E-02  0.1569533    
  0.1616239      7.7856943E-02  6.9294825E-02  6.1601419E-02  5.6940980E-02
  5.3174607E-02  5.0077263E-02  4.7240041E-02  4.4623755E-02  4.2063110E-02
  3.9485630E-02  3.7007455E-02  3.4354795E-02  3.1839531E-02  2.9053891E-02
  2.6426727E-02  2.3691023E-02  2.0730646E-02  1.7945785E-02  1.4985348E-02
  1.2026525E-02  9.0310788E-03  6.0169306E-03  3.1038807E-03  2.1743739E-05
  3.8092796E-05  3.0812693E-03  6.0359426E-03  9.0573421E-03  1.2012797E-02
  1.4959193E-02  1.7869700E-02  2.0791225E-02  2.3586895E-02  2.6356049E-02
  2.9103121E-02  3.1723395E-02  3.4380406E-02  3.6972295E-02  3.9481115E-02
  4.2013161E-02  4.4601578E-02  4.7189910E-02  5.0041888E-02  5.3113040E-02
  5.6854490E-02  6.1560683E-02  6.9228508E-02  7.7800825E-02  0.1616913    
  0.1649733      7.9780884E-02  7.1065262E-02  6.3221909E-02  5.8445450E-02
  5.4588664E-02  5.1404439E-02  4.8488524E-02  4.5793641E-02  4.3156914E-02
  4.0507857E-02  3.7952211E-02  3.5231475E-02  3.2636054E-02  2.9785838E-02
  2.7079474E-02  2.4269525E-02  2.1244992E-02  1.8381869E-02  1.5353371E-02
  1.2322675E-02  9.2577059E-03  6.1769844E-03  3.1957491E-03  4.7875474E-05
  6.7247092E-05  3.1747113E-03  6.1947349E-03  9.2830099E-03  1.2309413E-02
  1.5328473E-02  1.8310657E-02  2.1301078E-02  2.4170753E-02  2.7012642E-02
  2.9831439E-02  3.2526866E-02  3.5253886E-02  3.7918441E-02  4.0502131E-02
  4.3109767E-02  4.5771599E-02  4.8440430E-02  5.1368862E-02  5.4529276E-02
  5.8362126E-02  6.3181944E-02  7.1001276E-02  7.9726212E-02  0.1650354    
  0.1668238      8.1073098E-02  7.2290033E-02  6.4370871E-02  5.9520692E-02
  5.5605445E-02  5.2359242E-02  4.9386442E-02  4.6632379E-02  4.3938365E-02
  4.1236348E-02  3.8621232E-02  3.5851553E-02  3.3194792E-02  3.0300137E-02
  2.7534623E-02  2.4671176E-02  2.1604802E-02  1.8685143E-02  1.5611341E-02
  1.2532153E-02  9.4213672E-03  6.2979218E-03  3.2716594E-03  8.7306573E-05
  1.0677705E-04  3.2526613E-03  6.3147619E-03  9.4457427E-03  1.2519685E-02
  1.5588060E-02  1.8619247E-02  2.1656312E-02  2.4578352E-02  2.7472131E-02
  3.0341867E-02  3.3093147E-02  3.5870738E-02  3.8588945E-02  4.1229490E-02
  4.3894101E-02  4.6610717E-02  4.9340300E-02  5.2323870E-02  5.5548396E-02
  5.9441231E-02  6.4331688E-02  7.2228968E-02  8.1020236E-02  0.1668801    
  0.1670532      8.1690431E-02  7.2931744E-02  6.5016404E-02  6.0137615E-02
  5.6197528E-02  5.2915763E-02  4.9908690E-02  4.7116071E-02  4.4384569E-02
  4.1649256E-02  3.8993888E-02  3.6195688E-02  3.3497710E-02  3.0580295E-02
  2.7777083E-02  2.4882440E-02  2.1798281E-02  1.8845549E-02  1.5751168E-02
  1.2648565E-02  9.5175430E-03  6.3772430E-03  3.3308982E-03  1.3826696E-04
  1.5681301E-04  3.3137412E-03  6.3926275E-03  9.5404815E-03  1.2636693E-02
  1.5729416E-02  1.8785141E-02  2.1844719E-02  2.4795972E-02  2.7719053E-02
  3.0617829E-02  3.3403829E-02  3.6211517E-02  3.8962949E-02  4.1641049E-02
  4.4343356E-02  4.7094639E-02  4.9864903E-02  5.2880853E-02  5.6143135E-02
  6.0062535E-02  6.4978167E-02  7.2874121E-02  8.1640057E-02  0.1671034    
  0.1655246      8.1585743E-02  7.2949536E-02  6.5123066E-02  6.0263522E-02
  5.6333560E-02  5.3043555E-02  5.0025895E-02  4.7215980E-02  4.4467729E-02
  4.1719723E-02  3.9044544E-02  3.6239788E-02  3.3522267E-02  3.0605663E-02
  2.7788095E-02  2.4886478E-02  2.1810591E-02  1.8850256E-02  1.5762158E-02
  1.2663526E-02  9.5399860E-03  6.4109182E-03  3.3715873E-03  2.0077740E-04
  2.1781679E-04  3.3561990E-03  6.4246748E-03  9.5611867E-03  1.2652128E-02
  1.5742000E-02  1.8795647E-02  2.1851631E-02  2.4807001E-02  2.7734732E-02
  3.0638857E-02  3.3436757E-02  3.6252383E-02  3.9015424E-02  4.1710496E-02
  4.4429909E-02  4.7195107E-02  4.9984667E-02  5.3009775E-02  5.6282338E-02
  6.0193419E-02  6.5085985E-02  7.2895981E-02  8.1538238E-02  0.1655685    
  0.1620887      8.0715954E-02  7.2306849E-02  6.4659819E-02  5.9869073E-02
  5.5985399E-02  5.2714549E-02  4.9710061E-02  4.6904523E-02  4.4160787E-02
  4.1421477E-02  3.8747981E-02  3.5959542E-02  3.3245616E-02  3.0354800E-02
  2.7548090E-02  2.4665540E-02  2.1625904E-02  1.8685831E-02  1.5632804E-02
  1.2567972E-02  9.4819264E-03  6.3944198E-03  3.3915567E-03  2.7457063E-04
  2.9028731E-04  3.3784993E-03  6.4068432E-03  9.5015140E-03  1.2557362E-02
  1.5614619E-02  1.8637465E-02  2.1661270E-02  2.4593659E-02  2.7499776E-02
  3.0383261E-02  3.3169135E-02  3.5968840E-02  3.8720757E-02  4.1411422E-02
  4.4126470E-02  4.6884418E-02  4.9671702E-02  5.2682079E-02  5.5937648E-02
  5.9804462E-02  6.4624175E-02  7.2257593E-02  8.0671594E-02  0.1621257    
  0.1565709      7.9041019E-02  7.0970640E-02  6.3598730E-02  5.8927253E-02
  5.5124655E-02  5.1899213E-02  4.8930846E-02  4.6150487E-02  4.3432437E-02
  4.0723596E-02  3.8073901E-02  3.5326011E-02  3.2640059E-02  2.9801844E-02
  2.7032902E-02  2.4197701E-02  2.1225069E-02  1.8335560E-02  1.5349349E-02
  1.2350844E-02  9.3354406E-03  6.3225566E-03  3.3883732E-03  3.6019561E-04
  3.7422311E-04  3.3775032E-03  6.3334242E-03  9.3528470E-03  1.2341114E-02
  1.5333203E-02  1.8293720E-02  2.1254264E-02  2.4134248E-02  2.6989888E-02
  2.9825132E-02  3.2573100E-02  3.5331823E-02  3.8048696E-02  4.0712859E-02
  4.3401733E-02  4.6131380E-02  4.8895422E-02  5.1868644E-02  5.5080615E-02
  5.8868825E-02  6.3565053E-02  7.0926160E-02  7.9000391E-02  0.1566006    
  0.1487640      7.6535724E-02  6.8923987E-02  6.1926663E-02  5.7421155E-02
  5.3730197E-02  5.0572205E-02  4.7659565E-02  4.4922963E-02  4.2250086E-02
  3.9592844E-02  3.6988955E-02  3.4306169E-02  3.1674195E-02  2.8916879E-02
  2.6215136E-02  2.3457887E-02  2.0585561E-02  1.7780112E-02  1.4895344E-02
  1.1999258E-02  9.0907924E-03  6.1887754E-03  3.3586272E-03  4.5739498E-04
  4.6935381E-04  3.3498993E-03  6.1978754E-03  9.1055250E-03  1.1990398E-02
  1.4881350E-02  1.7745079E-02  2.0608410E-02  2.3403680E-02  2.6177932E-02
  2.8934924E-02  3.1617593E-02  3.4308918E-02  3.6966302E-02  3.9581869E-02
  4.2223457E-02  4.4905193E-02  4.7627792E-02  5.0544124E-02  5.3690553E-02
  5.7369668E-02  6.1895408E-02  6.8884730E-02  7.6499522E-02  0.1487859    
  0.1385829      7.3369794E-02  6.6329412E-02  5.9788752E-02  5.5473536E-02
  5.1903389E-02  4.8816800E-02  4.5964010E-02  4.3276962E-02  4.0658183E-02
  3.8064763E-02  3.5521470E-02  3.2922588E-02  3.0365391E-02  2.7713623E-02
  2.5105108E-02  2.2454489E-02  1.9714063E-02  1.7024869E-02  1.4275678E-02
  1.1517089E-02  8.7516494E-03  5.9964736E-03  3.3048927E-03  5.6777673E-04
  5.7729223E-04  3.2979927E-03  6.0035419E-03  8.7631959E-03  1.1509292E-02
  1.4263801E-02  1.6996859E-02  1.9730113E-02  2.2410244E-02  2.5074257E-02
  2.7726194E-02  3.0319927E-02  3.2922309E-02  3.5501763E-02  3.8054030E-02
  4.0636081E-02  4.3261074E-02  4.5936566E-02  4.8791893E-02  5.1868957E-02
  5.5429988E-02  5.9760816E-02  6.6295855E-02  7.3338710E-02  0.1385968    
  0.1248359      6.9076590E-02  6.2781118E-02  5.6800224E-02  5.2702345E-02
  4.9266409E-02  4.6261348E-02  4.3481816E-02  4.0861372E-02  3.8319007E-02
  3.5816733E-02  3.3365499E-02  3.0887196E-02  2.8445246E-02  2.5944199E-02
  2.3476787E-02  2.0983698E-02  1.8430589E-02  1.5914088E-02  1.3358867E-02
  1.0798384E-02  8.2368823E-03  5.6885383E-03  3.1941105E-03  6.8168214E-04
  6.8689010E-04  3.1879439E-03  5.6924121E-03  8.2439166E-03  1.0791133E-02
  1.3349168E-02  1.5893428E-02  1.8439710E-02  2.0950750E-02  2.3453288E-02
  2.5951358E-02  2.8412208E-02  3.0884933E-02  3.3349756E-02  3.5807490E-02
  3.8302694E-02  4.0848844E-02  4.3460395E-02  4.6241388E-02  4.9238902E-02
  5.2668225E-02  5.6776609E-02  6.2754028E-02  6.9051474E-02  0.1248419    
  0.1196568      7.5259894E-02  6.8408154E-02  6.2009480E-02  5.7287142E-02
  5.3272262E-02  4.9727067E-02  4.6470221E-02  4.3420639E-02  4.0504485E-02
  3.7680138E-02  3.4937352E-02  3.2224249E-02  2.9564932E-02  2.6902035E-02
  2.4279660E-02  2.1661356E-02  1.9026700E-02  1.6424388E-02  1.3811441E-02
  1.1205805E-02  8.6085722E-03  6.0269991E-03  3.4853031E-03  9.5214217E-04
  9.5284590E-04  3.4801492E-03  6.0269726E-03  8.6102476E-03  1.1200756E-02
  1.3804261E-02  1.6411379E-02  1.9030193E-02  2.1642704E-02  2.4266293E-02
  2.6903775E-02  2.9545927E-02  3.2221913E-02  3.4928154E-02  3.7674394E-02
  4.0493686E-02  4.3411817E-02  4.6458274E-02  4.9714625E-02  5.3257026E-02
  5.7267413E-02  6.1996169E-02  6.8392545E-02  7.5246491E-02  0.1196596    
